MouseID	qPCR_Round	Plate	input_amount	qPCR_16S_SQ_Mean	qPCR_16S_SQ_per_gCC	qPCR_Cmin_SQ_Mean	qPCR_Cmin_SQ_per_gCC
5798	1	R1_plate6	79	376752.8374	15896744194.0928	376	15864979
5809	1	R1_plate6	67	425483.689	21168342736.3184	420	20895522
5846	1	R1_plate6	72	476332.5751	22052434032.4074	502	23240741
5847	1	R1_plate6	75	782467.5704	34776336462.2222	747	33200000
5800	1	R1_plate6	78	745080.0118	31841026145.2991	613	26196581
5814	1	R1_plate6	77	648689.6157	28081801545.4545	405	17532468
5851	1	R1_plate6	84	408066.4478	16193113007.9365	725	28769841
5852	1	R1_plate6	72	470157.1489	21766534671.2963	968	44814815
5886	1	R1_plate6	63	310750.868	16441844867.7249	6	317460
5887	1	R1_plate6	70	722494.5983	34404504680.9524	11	523810
5888	1	R1_plate6	77	512744.3431	22196724809.5238	10	432900
5949	1	R1_plate6	74	894772.9838	40305089360.3604	18	810811
5889	1	R1_plate6	71	529729.7782	24869942638.4977	11	516432
5890	1	R1_plate6	71	531624.1703	24958881234.7418	11	516432
5916	1	R1_plate6	74	343565.2861	15475913788.2883	11	495495
5950	1	R1_plate6	77	609784.1992	26397584380.9524	16	692641
6297	1	R1_plate6	71	335775.6155	15764113403.7559	422	19812207
6307	1	R1_plate6	77	558309.9371	24169261346.3203	20	865801
6309	1	R1_plate6	73	474568.5542	21669796995.4338	246	11232877
6295	1	R1_plate6	66	424441.4216	21436435434.3434	675	34090909
6299	1	R1_plate6	77	702073.2011	30392779268.3983	551	23852814
6304	1	R1_plate6	80	461706.7745	19237782270.8333	539	22458333
6306	1	R1_plate6	66	350066.5828	17680130444.4444	384	19393939
5810	1	R1_plate6	74	319482.7958	14391116927.9279	501	22567568
5811	1	R1_plate6	67	463896.8734	23079446437.8109	557	27711443
5848	1	R1_plate6	70	456880.0334	21756192066.6667	444	21142857
5849	1	R1_plate6	73	555717.7077	25375237794.5205	402	18356164
5799	1	R1_plate6	79	708933.739	29912815991.5612	830	35021097
5812	1	R1_plate6	67	229270.1905	11406477139.3035	377	18756219
5813	1	R1_plate6	69	597016.5855	28841380942.029	563	27198068
5850	1	R1_plate6	71	635374.1641	29829772962.4413	522	24507042
5891	1	R1_plate6	64	714907.3738	37234759052.0833	327	17031250
5917	1	R1_plate6	70	494882.1408	23565816228.5714	328	15619048
5951	1	R1_plate6	68	620673.366	30425165000	407	19950980
5952	1	R1_plate6	70	449611.8014	21410085780.9524	324	15428571
5892	1	R1_plate6	70	572111.6969	27243414138.0952	568	27047619
5893	1	R1_plate6	77	509546.0283	22058269623.3766	437	18917749
5953	1	R1_plate6	79	871880.2527	36788196316.4557	461	19451477
5954	1	R1_plate6	76	477437.7752	20940253298.2456	599	26271930
6303	1	R1_plate6	65	485362.3452	24890376676.9231	403	20666667
6310	1	R1_plate6	72	408136.5648	18895211333.3333	547	25324074
6312	1	R1_plate6	76	635334.3294	27865540763.1579	300	13157895
6315	1	R1_plate6	69	496587.3009	23989724681.1594	169	8164251
6300	1	R1_plate6	64	297183.0485	15478283776.0417	406	21145833
6308	1	R1_plate6	74	523194.0797	23567300887.3874	562	25315315
6313	1	R1_plate6	73	443841.8958	20266753232.8767	432	19726027
6391	2	R2_plate2	75.3	328145.8209	14526154090.3054	6	265604
6399	2	R2_plate2	72.7	424941.3352	19483784282.4392	11	504356
6405	2	R2_plate2	78.3	294915.803	12554951170.7109	11	468284
6409	2	R2_plate2	72	355629.4098	16464324527.7778	8	370370
6396	2	R2_plate2	76.4	428616.2136	18700532879.5812	11	479930
6402	2	R2_plate2	71.8	363666.0713	16883290218.1987	4	185701
6403	2	R2_plate2	74.9	136917.6747	6093354459.27904	4	178015
6408	2	R2_plate2	77.9	446064.3917	19087051420.6247	10	427899
6438	2	R2_plate2	76	428418.2506	18790274149.1228	12	526316
6439	2	R2_plate2	77.8	378340.8644	16209977052.2708	9	385604
6441	2	R2_plate2	78.1	245547.4009	10480042718.7367	3	128041
6443	2	R2_plate2	76.2	442744.9793	19367671885.3893	6	262467
6433	2	R2_plate2	77.1	293917.1283	12707182373.5409	3	129702
6435	2	R2_plate2	71.3	354661.1257	16580697788.6863	5	233754
6442	2	R2_plate2	71	484581.9929	22750328305.1643	13	610329
6448	2	R2_plate2	79.9	290747.1785	12129627805.5903	7	292032
6471	2	R2_plate2	73.4	620031.7206	28157662152.5885	10	454133
6472	2	R2_plate2	74.2	319809.5483	14367005763.7017	6	269542
6489	2	R2_plate2	71	269450.0696	12650238009.3897	6	281690
6490	2	R2_plate2	73.9	449746.1355	20286248782.138	14	631484
6476	2	R2_plate2	75.2	373379.7798	16550522154.2553	5	221631
6478	2	R2_plate2	75.5	416890.6211	18405766935.9823	10	441501
6483	2	R2_plate2	71.6	597720.4337	27826835833.3333	8	372439
6484	2	R2_plate2	74.5	306580.2907	13717238957.4944	5	223714
6395	2	R2_plate2	82.1	207987.9487	8444496496.14292	103	4181892
6400	2	R2_plate2	74.3	328500.4921	14737572548.2279	374	16778825
6404	2	R2_plate2	77.2	406789.1428	17564298048.3592	261	11269430
6410	2	R2_plate2	73.7	397225.9276	17965894509.2718	363	16417910
6392	2	R2_plate2	72.4	228649.5487	10527143126.151	296	13627993
6397	2	R2_plate2	72.7	314524.2341	14421101976.1577	567	25997249
6398	2	R2_plate2	79.9	351288.4677	14655338660.826	179	7467668
6406	2	R2_plate2	74	471583.1969	21242486346.8468	191	8603604
6436	2	R2_plate2	76.2	468413.2067	20490516478.5652	157	6867892
6437	2	R2_plate2	80.7	529621.6335	21876151734.8203	216	8921933
6445	2	R2_plate2	75.1	595935.4083	26450750479.3609	163	7234798
6432	2	R2_plate2	74.1	493704.6216	22208934844.8043	405	18218623
6444	2	R2_plate2	75.2	714783.5109	31683666263.2979	251	11125887
6446	2	R2_plate2	73.1	452145.4029	20617665430.9166	236	10761514
6450	2	R2_plate2	73.4	599311.5011	27216689423.2516	278	12624886
6473	2	R2_plate2	75.8	470532.7093	20691851772.2076	240	10554090
6477	2	R2_plate1	72.1	502926.3412	23251333388.8118	0	0
6485	2	R2_plate2	72.4	601036.7595	27672042334.2541	266	12246777
6486	2	R2_plate2	76	568443.4905	24931732039.4737	230	10087719
6475	2	R2_plate2	72	343113.1393	15884867560.1852	238	11018519
6479	2	R2_plate2	79.9	339718.6934	14172661385.0647	226	9428452
6481	2	R2_plate2	77.6	610647.4437	26230560296.3918	425	18256014
6487	2	R2_plate2	75	661415.9666	29396265182.2222	295	13111111
6178	1	R1_plate6	75	494351.7319	21971188084.4444	498	22133333
6180	1	R1_plate6	76	430647.5805	18888051776.3158	545	23903509
6181	1	R1_plate6	72	735115.2875	34033115162.037	436	20185185
6189	1	R1_plate6	79	638527.6747	26942095978.903	22	928270
6190	1	R1_plate6	82	545957.9789	22193413776.4228	985	40040650
6191	1	R1_plate6	68	263736.05	12928237745.098	486	23823529
6291	1	R1_plate6	82	469962.0611	19104148825.2033	20	813008
6294	1	R1_plate6	67	324535.1896	16146029333.3333	483	24029851
6322	1	R1_plate6	83	348018.4684	13976645317.2691	8	321285
6323	1	R1_plate6	76	352296.346	15451594122.807	7	307018
6326	1	R1_plate6	77	592608.2594	25654037203.4632	9	389610
6329	1	R1_plate6	80	559248.2673	23302011137.5	9	375000
6330	1	R1_plate6	78	479305.5048	20483141230.7692	6	256410
6332	1	R1_plate6	80	461091.1787	19212132445.8333	6	250000
6333	1	R1_plate6	72	435114.6575	20144197106.4815	9	416667
6340	1	R1_plate6	72	583784.0842	27027040935.1852	11	509259
6342	1	R1_plate6	78	535334.9802	22877563256.4103	21	897436
6343	1	R1_plate6	78	297771.2846	12725268572.6496	5	213675
6344	1	R1_plate6	77	389570.8022	16864536891.7749	6	259740
6345	1	R1_plate6	76	552871.2106	24248737307.0175	6	263158
6347	1	R1_plate6	70	564533.7213	26882558157.1429	14	666667
6351	1	R1_plate6	75	169985.4543	7554909080	6	266667
6356	1	R1_plate6	71	636354.7886	29875811671.3615	17	798122
6179	1	R1_plate6	73	486836.2105	22229963949.7717	495	22602740
6182	1	R1_plate6	85	537907.0214	21094392996.0784	529	20745098
6183	1	R1_plate6	75	696946.6499	30975406662.2222	662	29422222
6188	1	R1_plate6	82	379231.0248	15415895317.0732	307	12479675
6192	1	R1_plate6	67	455330.4297	22653255208.9552	686	34129353
6193	1	R1_plate6	69	561607.4459	27130794487.9227	531	25652174
6292	1	R1_plate6	81	695265.6915	28611756851.8518	870	35802469
6293	1	R1_plate6	69	415722.2179	20083198932.3671	483	23333333
6318	1	R1_plate6	79	348480.1172	14703802413.5021	521	21983122
6320	1	R1_plate6	79	371810.5187	15688207540.0844	546	23037975
6324	1	R1_plate6	80	677919.7105	28246654604.1667	1121	46708333
6325	1	R1_plate6	78	497168.6439	21246523243.5897	748	31965812
6327	1	R1_plate6	73	419992.5268	19177740949.7717	383	17488584
6328	1	R1_plate6	71	715597.9081	33596145920.1878	464	21784038
6334	1	R1_plate6	65	459490.2989	23563605071.7949	403	20666667
6335	1	R1_plate6	72	274573.8555	12711752569.4444	231	10694444
6341	1	R1_plate6	77	512102.5303	22168940705.6277	701	30346320
6346	1	R1_plate6	77	279387.3098	12094688735.9307	186	8051948
6348	1	R1_plate6	68	279649.4552	13708306627.451	730	35784314
6349	1	R1_plate6	82	423593.1492	17219233707.3171	274	11138211
6355	1	R1_plate6	80	289990.9128	12082954700	794	33083333
6357	1	R1_plate6	78	481279.8198	20567513666.6667	881	37649573
6359	1	R1_plate6	77	464368.5747	20102535701.2987	827	35800866
6370	2	R2_plate2	75.8	386451.2771	16994339362.3571	7	307828
6371	2	R2_plate1	74.7	229528.3991	10242231106.6488	0	0
6383	2	R2_plate2	75.6	168558.5274	7432033835.97884	3	132275
6386	2	R2_plate2	75.9	316637.506	13905907158.5419	11	483092
6388	2	R2_plate2	74.4	393492.9979	17629614601.2545	12	537634
6389	2	R2_plate2	73.6	311881.9589	14125088718.2971	7	317029
6411	2	R2_plate2	73.1	282564.1857	12884823789.3297	8	364797
6412	2	R2_plate2	72.3	300850.2856	13870460378.0544	6	276625
6416	2	R2_plate2	74.5	300832.5358	13460068715.8837	9	402685
6418	2	R2_plate2	73.7	143378.2836	6484770854.81682	4	180914
6421	2	R2_plate2	78.6	333540.9043	14145076518.2358	7	296862
6428	2	R2_plate2	72.5	643645.6545	29592903655.1724	8	367816
6430	2	R2_plate2	79.6	334006.4258	13986868752.0938	9	376884
6453	2	R2_plate2	77.7	298946.2691	12824807769.1978	6	257400
6456	2	R2_plate2	72.7	395526.719	18135108619.8991	6	275103
6457	2	R2_plate2	78	597944.7479	25553194354.7009	10	427350
6460	2	R2_plate2	78.5	485586.3344	20619377256.9002	12	509554
6465	2	R2_plate2	77.7	604336.3004	25926053213.2132	14	600601
6467	2	R2_plate2	74.8	276805.8931	12335378480.3922	12	534759
6468	2	R2_plate2	74.9	313417.1465	13948248620.3827	5	222519
6317	2	R2_plate2	72.9	391100.1719	17882952533.1504	8	365798
6375	2	R2_plate2	73.3	453188.7709	20608857248.7494	699	31787176
6376	2	R2_plate2	79.3	706873.81	29713064733.0811	598	25136612
6378	2	R2_plate2	72.2	821298.0749	37917731989.843	534	24653740
6380	2	R2_plate2	78	569965.519	24357500811.9658	361	15427350
6381	2	R2_plate2	81.5	874098.7302	35750459312.8834	527	21554192
6382	2	R2_plate2	72.9	178305.8484	8152988038.40878	263	12025606
6385	2	R2_plate2	76.7	383008.2887	16645297205.5628	197	8561495
6387	2	R2_plate2	78.6	485884.1326	20605773223.0704	458	19423240
6415	2	R2_plate2	79.3	367372.7942	15442320058.8483	270	11349306
6417	2	R2_plate2	72.5	359782.3951	16541719314.9425	176	8091954
6419	2	R2_plate2	78.1	412071.2813	17587335949.6372	270	11523688
6423	2	R2_plate2	78.3	275724.9168	11737970063.857	211	8982546
6425	2	R2_plate2	74.1	458790.3445	20638342082.771	684	30769231
6427	2	R2_plate2	76.4	593429.9804	25891360401.3962	314	13699825
6429	2	R2_plate2	75.3	444016.4508	19655442709.1633	229	10137229
6458	2	R2_plate2	80.9	339552.5188	13990627062.2167	398	16398846
6459	2	R2_plate2	71	392096.8831	18408304370.892	291	13661972
6461	2	R2_plate2	78.8	387860.065	16406940143.824	252	10659898
6462	2	R2_plate2	80	604820.6214	25200859225	704	29333333
6463	2	R2_plate2	72.3	583544.4554	26903847644.0756	345	15905947
6466	2	R2_plate2	75.6	527071.6979	23239492852.7337	274	12081129
6470	2	R2_plate2	74.2	530685.1009	23840301028.7511	414	18598383
