MouseID	Deriv	S_2MetButyrate	Acetate	Butyrate	Caproate	Isobutyrate	Isovalerate	Propionate	Valerate	weight_CC_g	Extraction_round	Total_SCFA	Total_BCFA
5798	D6	0.470917053742802	21.0753354126679	3.23143661708253	0.044472802303263	0.825282341650672	0.626906617082534	7.62262759117082	0.0940306621880998	0.1042	E2	32.0679030854127	1.92310601247601
5799	D8	0.388680871029836	15.0888875505294	1.84464098171319	0.0367809528392685	0.710685336862368	0.491600563041386	4.98320595283927	0	0.1039	E2	21.9535154379211	1.59096677093359
5800	D5	0.343596895551257	27.14969155706	3.238255	0.0528292166344294	0.799923036750483	0.354890454545454	8.96276254352031	0.115960174081238	0.1034	E2	39.5194984912959	1.4984103868472
5809	D8	0.192068489341983	17.2450356858202	2.18040379981464	0.0381709638554217	0.523148410565338	0.310511042632067	5.97802186283596	0.105007548656163	0.1079	E2	25.5466398609824	1.02572794253939
5810	D10	0.424013978599222	36.1413805544747	3.71318920233463	0.0411712159533074	1.01395550583658	0.481068949416342	9.82829642996109	0.1308415807393	0.1028	E2	49.854878983463	1.91903843385214
5811	D5	0.61159444971537	37.2976811290323	3.35206067362429	0.0343540037950664	1.01877318785579	0.579536489563567	10.4156825047438	0.138577191650854	0.1054	E2	51.2383555028463	2.20990412713472
5812	D3	0.252515156695157	46.2160251661918	5.41712993352327	0.040876220322887	0.612439705603039	0.41368955365622	7.52498094017094	0.101664814814815	0.1053	E1	59.3006770750237	1.27864441595442
5813	D11	0.20405320754717	31.2309980139027	4.08498604766634	0.0451453426017875	0.719458714001986	0.368602467725919	8.34892094836147	0.133133217477656	0.1007	E2	43.8431835700099	1.29211438927507
5814	D11	0.52700659351145	18.9259350954198	2.42044881679389	0.0363265935114504	0.802992261450382	0.644732938931298	5.81163367843511	0.0950632251908397	0.1048	E2	27.2894074093511	1.97473179389313
5846	D13	0.317202436893204	13.0049643398058	1.75874705339806	0.0468766019417476	0.634075757281553	0.447628733009709	4.57081133009709	0.0453613009708738	0.103	E2	19.4267606262136	1.39890692718447
5847	D9	0.230963801980198	22.1771698960396	2.09531952970297	0.0531039405940594	0.638453633663366	0.384709198019802	6.75190701485148	0.0917186930693069	0.101	E2	31.1692190742574	1.25412663366337
5848	D1	0.425365472404116	53.4841445930777	5.40615445743686	0.0660663423760524	1.01133864359214	0.478287909260992	15.1557599111319	0.209797782974743	0.1069	E1	74.3219230869972	1.91499202525725
5849	D15	0.252165098814229	42.2354040909091	4.1410700839921	0.075883557312253	0.697802218379447	0.288847193675889	11.629939194664	0.237347420948617	0.1012	E3	58.3196443478261	1.23881451086957
5850	D7	0.329433945044161	24.5574171050049	3.31342438665358	0.0428688714425908	0.948473390578999	0.474172075564279	8.53326722276742	0.112124210009814	0.1019	E2	36.5591017958783	1.75207941118744
5851	D1	0.270293003875969	34.9278648498062	4.20012351744186	0.0767175726744186	0.725961623062016	0.406453507751938	9.75338025678295	0.13738382751938	0.1032	E1	49.0954700242248	1.40270813468992
5852	D16	0.531546796019901	35.9711384975124	4.71615700995025	0.0638113233830846	0.988361333333333	0.832673736318408	11.2188885124378	0.161293860696517	0.1005	E3	52.1312892039801	2.35258186567164
5886	D12	0.431803383886256	15.9991101184834	2.45582423696682	0.0450641990521327	0.699541085308057	0.547698691943128	5.87716865876777	0.0838997440758294	0.1055	E2	24.461066957346	1.67904316113744
5887	D7	0	31.3846164111328	6.10210284667969	0.05422025390625	0.30521533203125	0.145286123046875	8.11028889160156	0.189777905273438	0.1024	E2	45.8410063085937	0.450501455078125
5888	D4	0.790642325692455	68.0788562559694	11.8139242215855	0.049262664756447	1.7610458930277	1.03959741165234	19.0538166236867	0.337206370582617	0.1047	E1	99.3330661365807	3.59128563037249
5889	D10	0.334789138576779	23.1551539747191	2.55583173689139	0	0.587819049625468	0.453435632022472	8.16501754681648	0.12003186329588	0.1068	E2	33.9960351217228	1.37604382022472
5890	D7	0.42621763030888	13.9281556853282	2.14621417471042	0.0491140637065637	0.593957726833977	0.575386201737452	5.59645385617761	0.110118161196911	0.1036	E2	21.8300559411197	1.59556155888031
5891	D10	0.453833247269116	24.7549944190665	4.77085290963257	0.058568778550149	0.723385983118173	0.550597750744787	8.4193192204568	0.21873543694141	0.1007	E2	38.2224707646475	1.72781698113208
5893	D15	0.865333840931135	27.1206451454898	4.99403302133851	0.0416158292919496	1.2716403685742	1.03951677497575	11.8606909941804	0.227699345295829	0.1031	E3	44.2446843355965	3.17649098448109
5916	D1	0.325391228070175	23.2623170955166	2.12729402534113	0.159675701754386	0.730974356725146	0.463695058479532	6.9102446588694	0.129306783625731	0.1026	E1	32.5888382651072	1.52006064327485
5917	D2	0.407715132743363	32.4913983480826	3.89467540806293	0.0695751425762045	1.07308017699115	0.631432807276303	9.45274083087512	0.133976283185841	0.1017	E1	46.0423660127827	2.11222811701082
5949	D16	0.551823687315634	30.7584287708948	4.43931563421829	0	0.9829501179941	0.744012428711898	7.87863039331367	0.159615939036382	0.1017	E3	43.2359907374631	2.27878623402163
5950	D15	0.482558028301887	16.8048008349057	2.18171138679245	0.0383312169811321	0.655374264150943	0.652698014150943	6.05186418867925	0.144463518867925	0.106	E3	25.2211711462264	1.79063030660377
5951	D2	0.87981034965035	41.4732269180819	7.46454672827173	0.0778147152847153	1.40615428571429	1.06604786713287	14.7181397352647	0.269265404595405	0.1001	E1	64.0029935014985	3.3520125024975
5952	D3	0.51787688286544	38.9299718151017	5.79863942884802	0.0436850048402711	1.10221751210068	0.705888170377541	10.8398559922556	0.220951335914811	0.1033	E1	55.8331035769603	2.32598256534366
5953	D6	0.344481243972999	27.7627947878496	5.08892943587271	0.0470838862102218	0.761503230472517	0.467021648987464	9.18211449373192	0.205725154291225	0.1037	E2	42.2866477579556	1.57300612343298
5954	D12	0.432749541015625	31.8599430078125	2.87644733886719	0.041509501953125	0.834060639648437	0.528281318359375	8.23545138671875	0.087012431640625	0.1024	E2	43.1003636669922	1.79509149902344
6178	D8	0.402146262327416	47.3148275986193	4.99736772682446	0.0371920315581854	1.01769578895463	0.483639571005917	11.9242846055227	0.158899186390533	0.1014	E2	64.4325711489152	1.90348162228797
6179	D9	0.361008088235294	35.633187	5.34570470098039	0.0580949509803922	0.758126348039216	0.546493024509804	11.6053025196078	0.261030779411765	0.102	E2	52.9033199509804	1.66562746078431
6180	D10	0.446823436293436	32.0689879391892	2.21715546814672	0.051183166023166	0.943028643822394	0.594673088803089	8.02912234073359	0.0938398552123552	0.1036	E2	42.460288769305	1.98452516891892
6181	D3	0.741548199419167	27.1173835188771	3.20753862052275	0.0344083543078412	1.00374862536302	0.865654365924492	9.05850209583737	0.129849486931268	0.1033	E1	39.5476820764763	2.61095119070668
6182	D11	0.561873326752221	19.0615423198421	2.37702675715696	0.0538354294175716	1.07758386969398	0.72327988153998	7.84080574037512	0.134319160908193	0.1013	E2	29.4675294076999	2.36273707798618
6183	D7	0.799566100099108	24.7652486075322	3.72970293855302	0.0585910208126858	1.01977240832507	0.961956437066402	8.53191408820615	0.15690432111001	0.1009	E2	37.2423609762141	2.78129494549058
6188	D4	0.255792417475728	59.5327636990291	7.88272858737864	0.0679483300970874	0.981864354368932	0.496807582524272	14.4967033592233	0.219352878640777	0.103	E1	82.1994968543689	1.73446435436893
6189	D5	0.464918520916335	24.0155481324701	2.19453628984064	0.043584093625498	0.719010866533864	0.54175250498008	8.28614389442231	0.0832059362549801	0.1004	E2	34.6230183466135	1.72568189243028
6190	D9	0.445594550669216	41.4396993068834	4.3106501959847	0.041581051625239	0.902900129063097	0.592241687380497	12.1971342829828	0.143729622370937	0.1046	E2	58.132794459847	1.94073636711281
6191	D4	0.636140662414132	47.2347472473013	5.09441223258096	0.0847731599607458	1.21526838567223	0.929375250245339	12.0062656771344	0.200608017664377	0.1019	E1	64.6208063346418	2.7807842983317
6192	D2	0.728192973632812	63.3544582519531	5.91921021972656	0.05518046875	1.41323054199219	0.920003247070312	18.7115855517578	0.1694099609375	0.1024	E1	88.209844453125	3.06142676269531
6193	D16	0.991836296296296	24.4135690350877	3.4226234454191	0.060048567251462	1.39423257309942	1.3458543079922	10.8765628508772	0.123802261208577	0.1026	E3	38.896606159844	3.73192317738791
6291	D15	0.660762445972495	25.8226804174853	3.13915362475442	0.0635127406679764	0.881713069744597	0.78641594302554	8.60810144400786	0.0659501178781925	0.1018	E3	37.6993983447937	2.32889145874263
6292	D10	0.531415797244094	37.2847989616142	4.30977823326772	0.0422714271653543	0.873431053149606	0.673851948818898	10.5042948031496	0.108068681102362	0.1016	E2	52.2492121062992	2.0786987992126
6293	D11	0.654648282630029	29.6621947595682	5.42422696761531	0.0530949558390579	0.987305485770363	0.859003042198234	10.0419643326791	0.24000058390579	0.1019	E2	45.4214815996075	2.50095681059863
6294	D12	0.146201736997056	38.0500230569185	4.78148564278705	0.0623055348380765	0.555831584887144	0.36132609421001	7.9692615063788	0.13523923454367	0.1019	E2	50.9983149754661	1.06335941609421
6295	D16	0.67198313503305	24.8622254249292	3.05214142115203	0.0443448253068933	1.08048171860246	0.994816397544854	7.51941157223796	0.130015278564684	0.1059	E3	35.6081385221907	2.74728125118036
6297	D11	0.471218069164265	39.4973436551393	4.06603425072046	0.0449151200768492	1.03464700288184	0.592350547550432	8.58334042747358	0.15035376560999	0.1041	E2	52.3419872190202	2.09821561959654
6299	D3	0.689076906103286	34.0004738262911	3.2642913943662	0.089118441314554	1.30099330985916	0.964171305164319	9.6674826056338	0.174778384976526	0.1065	E1	47.1961446525822	2.95424152112676
6300	D8	0.839229287099903	30.9599396702231	3.82313142095053	0.0249759553831232	1.44062472841901	1.07862725024248	10.499072114452	0.122505567410281	0.1031	E2	45.429624728419	3.3584812657614
6303	D11	0.375512886100386	29.1115822876448	2.82135188706564	0.0476548938223938	0.880995632239382	0.448908175675676	8.56467774131274	0.156044247104247	0.1036	E2	40.7013110569498	1.70541669401544
6304	D2	0.614989404418828	38.8824675360231	3.87545794428434	0.0672914313160423	1.09248302113353	0.688968477425552	9.76986784341979	0.178513996157541	0.1041	E1	52.7735987512008	2.39644090297791
6306	D13	0.771035666023166	37.1644361920849	3.78996248069498	0.0476232625482625	1.22678544401544	0.875934107142857	8.92029783301158	0.167968523166023	0.1036	E2	50.0902882915058	2.87375521718147
6307	D3	0.759452639442231	47.3508787051793	4.96843955677291	0.0490604083665339	1.39340661354582	0.886831439243028	11.7734561005976	0.169241987051793	0.1004	E1	64.3110767579681	3.03969069223108
6308	D15	0.659861608187135	25.7087757602339	3.26067942495127	0.0557636062378168	1.02574532651072	0.81490660331384	7.31660914717349	0.176946666666667	0.1026	E3	36.5187746052632	2.5005135380117
6309	D15	0.594678626104024	28.765394313052	2.85019546614328	0.0514767713444553	1.01155550049068	0.663694828263003	8.16705014229637	0.166029411187439	0.1019	E3	40.0001461040235	2.2699289548577
6310	D5	0.51812	32.1876007876371	3.17753648055833	0.0514982452642074	1.0483163110668	0.623785937188435	8.1326480109671	0.112770967098704	0.1003	E2	43.6620544915254	2.19022224825523
6312	D12	0.272334387855044	29.8120773555338	2.91440667972576	0.044494652301665	0.745386753183154	0.421489647404505	7.28377126346719	0.172364348677767	0.1021	E2	40.2271142997062	1.4392107884427
6313	D2	0.541562876318313	47.1928750814957	3.79023699904123	0.0596860786193672	1.33528826462128	0.644751001917546	14.0600058005753	0.125322674976031	0.1043	E1	65.2281266347076	2.52160214285714
6315	D4	0.461334666039511	49.2783194496707	4.77310492003763	0.130171063029163	1.21077373471308	0.710341293508937	12.2675565145814	0.145627798682973	0.1063	E1	66.5947797460019	2.38244969426152
6317	D5	0.367242944606414	32.9478045821186	4.04566026239067	0.0857977842565598	0.722740247813411	0.489420213799806	11.0126889601555	0.164749222546161	0.1029	E2	48.2567008114674	1.57940340621963
6318	D12	0.499189716520039	29.3541413831867	3.81611622189638	0.0461647409579668	0.815939056695992	0.652667404692082	8.07976194525904	0.172439364613881	0.1023	E2	41.468623655914	1.96779617790811
6320	D12	0.684815586808923	23.581183700291	4.67211287584869	0.0540174393792435	0.83228611057226	0.657274282250242	6.2640425557711	0.101946382153249	0.1031	E2	34.6733029534433	2.17437597963143
6322	D1	0.496280610687023	34.9586607919847	3.62477499045802	0.154815238549618	0.818213955152672	0.611908249045802	9.08033192748092	0.155902767175572	0.1048	E1	47.9744857156489	1.9264028148855
6323	D2	0.359465314341847	47.1099056581532	4.81782893418468	0.108676188605108	0.86711083497053	0.601435594302554	14.7080449066798	0.17200684675835	0.1018	E1	66.9164625343811	1.82801174361493
6324	D3	0	80.8175125513196	8.2811928054741	0.0430388465298143	0.673447619745845	0.188289027370479	17.9963369599218	0.286560439882698	0.1023	E1	107.424641603128	0.861736647116324
6325	D1	0.53528583090379	54.1779024586978	5.79358470845481	0.0587181146744412	1.11260866375121	0.862389013605442	14.9765071865889	0.170957798833819	0.1029	E1	75.1776702672498	2.51028350826045
6326	D5	0.416052824351297	34.3274864421158	4.36247288922156	0.0981814870259481	0.808535359281437	0.648235513972056	9.53290641716567	0.193383952095808	0.1002	E2	48.5144311876248	1.87282369760479
6327	D5	0.410231916902738	26.3053942634561	2.4680521529745	0.0471926723323891	0.75680097733711	0.528328805476865	8.06956321057602	0.0864092823418319	0.1059	E2	36.9766115816808	1.69536169971671
6328	D3	0.669724276937618	36.74675036862	4.91239790170132	0.0621606049149338	1.12153822306238	0.982082329867675	12.8339031899811	0.17527550094518	0.1058	E1	54.7304875661626	2.77334482986767
6329	D3	0.926030785645005	24.0379792531523	3.28181800678952	0.0607826382153249	1.15735006789525	1.02659602812803	10.2485764694471	0.158921290009699	0.1031	E1	37.788077657614	3.10997688166828
6330	D4	0.812656023166023	40.0164736196911	4.16804763513514	0.0579096235521235	1.27237279440154	1.17375569980695	11.4064756225869	0.245708011583012	0.1036	E1	55.8946145125483	3.25878451737452
6332	D8	0.31696518627451	28.0649952009804	2.28233846078431	0.0412636960784314	0.565475166666667	0.467901254901961	10.1091383039216	0.0849050294117647	0.102	E2	40.5826406911765	1.35034160784314
6333	D9	0.900356608695652	31.8107292222222	3.08589317391304	0.0454114396135266	1.15239951207729	1.02233541545894	8.92489699516908	0.114524038647343	0.1035	E2	43.9814548695652	3.07509153623188
6334	D9	0.678347902462121	23.3157751988636	3.00064572916667	0.0238570643939394	0.902546074810606	0.709569360795455	8.23475447916667	0.123800028409091	0.1056	E2	34.6988325	2.29046333806818
6335	D6	0.545035097465887	35.8380046150097	3.69617571637427	0.058151783625731	0.939682816764133	0.827918460038986	7.42166202241715	0.0877379678362573	0.1026	E2	47.1017321052632	2.31263637426901
6340	D7	0.269851744518589	49.1882302859867	6.04588092945663	0.0479067397521449	0.695016906577693	0.555411339370829	9.79897421830315	0.12242490943756	0.1049	E2	65.2034170829361	1.52027999046711
6341	D2	1.13535653398058	58.6863222912621	5.73912575728155	0.0474863106796116	1.80483931553398	1.22989648543689	18.1764781553398	0.192548796116505	0.103	E1	82.8419613106796	4.17009233495146
6342	D13	0.223945083909181	65.1854379269496	6.72600254195459	0.0564459131293188	1.27720190029615	0.569317448173741	15.9181153504442	0.214737433366239	0.1013	E3	88.100739165844	2.07046443237907
6343	D1	0.310878610240334	33.3488146708464	2.75399487983281	0.0569425182863114	0.726786666666667	0.416549420062696	4.4146262800418	0.0854060606060606	0.0957	E1	40.6597844096134	1.4542146969697
6344	D7	0.617643077994429	34.5790089879294	4.12159564531105	0.0410046053853296	1.07254060817084	0.857903175487465	10.7373058310121	0.140678885793872	0.1077	E2	49.6195939554318	2.54808686165274
6345	D13	0.723406837524178	28.0336090473888	3.48019059477756	0.0274800290135396	1.12547938588008	0.966403147969052	9.0625777417795	0.195847790135396	0.1034	E2	40.7997052030948	2.81528937137331
6346	D13	0.0456469238377844	22.7487376211672	1.83665174579624	0.0379497527200791	0.207735440158259	0.180365108803165	3.5068734322453	0.0907777942631058	0.1011	E2	28.2209903461919	0.433747472799209
6347	D14	0.614750216748768	34.7185373103448	3.51911890640394	0.0688633103448276	1.05609962068966	0.842750527093596	13.5340360788177	0.208032773399015	0.1015	E3	52.0485883793103	2.51360036453202
6348	D8	0.3899266437684	14.5183754023553	2.25199550049068	0.0492563297350343	0.481226133464181	0.372704553483808	2.34206420019627	0.0414262659470069	0.1019	E2	19.2031176987242	1.24385733071639
6349	D13	0.258530300678952	38.1638830310378	3.64978576624636	0.0375942095053346	0.772683433559651	0.488373806983511	9.4743394228904	0.139515635305529	0.1031	E2	51.4651180649854	1.51958754122211
6351	D5	0.46454358643744	27.7837280372493	4.80290601719198	0.0601832569245463	0.502736103151862	0.460172244508118	4.66207405444126	0.108378892072588	0.1047	E2	37.4172702578797	1.42745193409742
6355	D5	0.213458783120707	50.4035498822375	4.21636863101079	0.0372265161923454	0.661182958783121	0.506046982335623	10.6552988469087	0.139975544651619	0.1019	E2	65.452419421001	1.38068872423945
6356	D8	0.116376485963214	38.5929924927396	3.03386414811229	0.0369023620522749	0.521477836398838	0.304489782187802	10.0898257018393	0.152653785091965	0.1033	E2	51.9062384898354	0.942344104549855
6357	D7	0.274665497584541	25.3084468405797	2.38225344444444	0.0348036328502415	0.677491777777778	0.467555758454106	6.66887768599034	0.0490370821256039	0.1035	E2	34.4434186859903	1.41971303381643
6359	D3	0.505921471442401	63.549881214908	4.62195853339787	0.0578178799612778	1.07257801548887	0.718939757986447	13.924532124879	0.145271364956438	0.1033	E1	82.2994611181026	2.29743924491772
6370	D6	0.244022652043868	27.1909576919242	3.89359521435693	0.0682855832502492	0.690399361914257	0.510065319042871	7.21766953140578	0.118307916251246	0.1003	E2	38.4888159371884	1.444487333001
6371	D11	0.22272320662768	32.0976988157895	16.0006702192982	0.0360099025341131	0.587723211500975	0.37411533625731	7.35649839668616	0.210054580896686	0.1026	E2	55.7009319152047	1.18456175438597
6375	D15	0.353469823182711	32.1285053880157	3.29647188113949	0.0428047937131631	0.651729184675835	0.537059027504912	11.4360748870334	0.166225098231827	0.1018	E3	47.0700820481336	1.54225803536346
6376	D8	0.10415592039801	29.0827801144279	1.4830917960199	0.0388732736318408	0.413673174129353	0.220586835820895	6.33323763681592	0.094378776119403	0.1005	E2	37.0323615970149	0.738415930348259
6378	D16	0.249466492610837	18.9938093694581	1.73075692610837	0.062115684729064	0.647106527093596	0.364167064039409	6.63643139408867	0.0741616748768473	0.1015	E3	27.4972750492611	1.26074008374384
6380	D15	0.280177279046673	29.8333413306852	2.6089550347567	0.0522227209533267	0.608711509433962	0.419244826216485	10.0273952730884	0.183936593843098	0.1007	E3	42.7058509533267	1.30813361469712
6381	D4	0.377257730696798	31.1036171986817	3.06799013653484	0.0613327871939736	0.834103210922787	0.508809392655367	9.92946185028248	0.176645649717514	0.1062	E1	44.3390476224105	1.72017033427495
6382	D13	0.359003688286544	29.6956424394966	2.37472144724105	0.0444284607938045	0.836151302032914	0.552394152952565	8.57717745401743	0.144610542110358	0.1033	E3	40.8365803436592	1.74754914327202
6383	D12	0.0898266793168881	25.0135125189753	5.02474827324478	0.0261985910815939	0.321605977229602	0.228402898481973	4.70647842979127	0.110745540796964	0.1054	E2	34.8816833538899	0.639835555028463
6385	D15	0.441250498046875	14.993761015625	1.286748203125	0.051058671875	0.87268251953125	0.613614296875	5.61183775878906	0.0756710546875	0.1024	E3	22.0190767041016	1.92754731445312
6386	D6	0.33939125	25.9803424902344	14.4133701220703	0.055406396484375	0.406837236328125	0.445963833007812	4.572623828125	0.1825587109375	0.1024	E2	45.2043015478516	1.19219231933594
6387	D15	0.401512009756098	27.4214711463415	5.58345589756098	0.0970462243902439	0.700849531707317	0.496543268292683	9.46665808780488	0.11972872195122	0.1025	E3	42.6883600780488	1.5989048097561
6388	D3	1.15403612440191	34.0181900813397	21.0966861339713	0.0798763540669856	1.59575472727273	1.41191527751196	8.60803771770335	0.417563875598086	0.1045	E1	64.2203541626794	4.1617061291866
6389	D4	0	41.7735290785645	2.79987417555771	0.0481002230843841	0.550844912706111	0.269216425800194	10.44503028613	0.0609942580019399	0.1031	E2	55.1275280213385	0.820061338506305
6391	D5	0.155584656188605	34.2854783939096	13.9688425687623	0.082697652259332	0.383525088408644	0.250343801571709	4.91356233791749	0.132457180746562	0.1018	E2	53.3830381335953	0.789453546168959
6392	D13	0.164382729885057	30.0627808189655	8.05937262452107	0.0613717049808429	0.105054636015326	0.0587462931034483	2.5913587164751	0.0418199712643678	0.1044	E2	40.8167038362069	0.328183659003831
6395	D9	0.30541563546798	47.3876235172414	17.1861824630542	0.0532754187192118	0.868956433497537	0.404868463054187	7.28296127586207	0.169220965517241	0.1015	E2	72.0792636403941	1.5792405320197
6396	D9	0.561510009737098	26.2228558909445	11.643827624148	0.0658451801363194	0.897628393378773	0.562044109055502	6.18525997078871	0.135791830574489	0.1027	E2	44.253580496592	2.02118251217137
6397	D4	0.697789133858268	24.0453456594488	8.10013344488189	0.052905157480315	1.002836875	0.810618105314961	7.06012285925197	0.208917598425197	0.1016	E2	39.4674247194882	2.51124411417323
6398	D12	0.45323315227934	18.6930652812803	9.09758922405432	0.05610101842871	0.835419578079534	0.508204296799224	4.53873547526673	0.195917061105723	0.1031	E2	32.5814080601358	1.7968570271581
6399	D15	0.568817844311377	21.7944513023952	9.14219231037924	0.0885950499001996	0.931537150698603	0.701134256487026	5.58305528443114	0.240523093812375	0.1002	E3	36.8488170409182	2.20148925149701
6400	D8	0.392758670634921	25.8195764434524	7.6173626140873	0.0550705952380952	0.779479017857143	0.435825347222222	5.33063846230159	0.177365808531746	0.1008	E2	39.0000139236111	1.60806303571429
6402	D15	0.495199410609037	32.0675123231827	14.3414769990177	0.0735615618860511	1.11353944007859	0.564688791748526	8.05057590373281	0.178196935166994	0.1018	E3	54.7113237229863	2.17342764243615
6403	D5	0.442125505836576	20.1329469552529	6.90618016050584	0.0622201750972763	0.717595758754864	0.509942874513619	5.00528690175097	0.154095486381323	0.1028	E2	32.2607296789883	1.66966413910506
6404	D1	1.11060110294118	49.5474516715686	12.1216197892157	0.108341480392157	2.26102455882353	1.53370334803922	11.407371877451	0.314340382352941	0.102	E1	73.4991252009804	4.90532900980392
6405	D3	0.658717607655502	30.3481247559809	11.3767015023923	0.0700367942583732	0.870705674641148	0.661109559808612	7.50838023923445	0.255449320574163	0.1045	E1	49.5586926124402	2.19053284210526
6406	D1	0.634616617502458	44.0700478072763	23.5995025024582	0.0821438249754179	1.16995206489676	0.696169203539823	9.84310600786628	0.402564896755162	0.1017	E1	77.9973650393314	2.50073788593904
6408	D1	0.663722715686275	28.4921158382353	9.05814107352941	0.0668927647058824	1.08161307352941	0.722941289215686	7.27956371078431	0.185656455882353	0.102	E1	45.0823698431373	2.46827707843137
6409	D2	0.526266605461394	34.1952063794727	13.9352631544256	0.0752642937853107	0.830993653483992	0.587253399246704	6.8933156779661	0.277748088512241	0.1062	E1	55.376797594162	1.94451365819209
6410	D9	0.56497619257087	19.8058365933529	5.96709397849462	0.0842285923753666	0.679589701857283	0.544244198435973	5.11450464809384	0.191295659824047	0.1023	E2	31.1629594721408	1.78881009286413
6411	D1	0.746614848484848	31.5549821212121	11.2911424633431	0.0738829618768328	1.05170305962854	0.785334413489736	8.18462620723363	0.27625765884653	0.1023	E1	51.3808914125122	2.58365232160313
6412	D11	0.294582358402971	36.8747616109564	5.91145878365831	0.0575350417827298	0.888840575673166	0.457507381615599	7.46609345868152	0.142514150417827	0.1077	E2	50.4523630454967	1.64093031569174
6415	D14	0.161017674876847	38.2028996403941	5.34601484236453	0.0832529753694581	0.640816256157635	0.439737118226601	10.4814365812808	0.176630295566502	0.1015	E3	54.2902343349754	1.24157104926108
6416	D10	0.502911441314554	25.4073821596244	5.91902119248826	0.047027558685446	0.559905455399061	0.498293971830986	5.48480836150235	0.179406563380282	0.1065	E2	37.0376458356808	1.5611108685446
6417	D1	0.813837528089888	16.6674324906367	2.83523844101124	0.0660780617977528	1.08360868445693	0.967050646067416	6.82604503277153	0.108997696629213	0.1068	E1	26.5037917228464	2.86449685861423
6418	D15	0.217667599206349	37.9621540873016	2.16458103670635	0.0446456746031746	0.369348492063492	0.165001656746032	3.17768797123016	0.028167628968254	0.1008	E3	43.3772363988095	0.752017748015873
6419	D10	0.137767072463768	40.8744525652174	3.29206243478261	0.0448058550724638	0.606429280193237	0.28907868115942	9.94049584541063	0.0913028405797102	0.1035	E2	54.2431195410628	1.03327503381643
6420	D11	0.386462024952015	12.8676436612284	0.709660350287908	0.0393769481765835	0.465986199616123	0.49483160268714	0.877159736084453	0.035478056621881	0.1042	E2	14.5293187523992	1.34727982725528
6421	D13	0.317483835480674	42.7691029484638	17.8256010951437	0.0635309316154608	0.674763731417245	0.46430510901883	7.55627490584737	0.222953696729435	0.1009	E3	68.4374635777998	1.45655267591675
6423	D16	0.341894432589719	17.877045528613	2.0403023957323	0.0549905916585839	0.623959078564501	0.635761028128031	6.98699196896217	0.0702713482056256	0.1031	E3	27.0296018331717	1.60161453928225
6425	D15	0.228953107344633	29.5552296986817	2.6590220527307	0.0637353860640301	0.46795672787194	0.340930536723164	10.0680946280603	0.0802384651600753	0.1062	E3	42.4263202306968	1.03784037193974
6427	D10	0.152776221335992	27.0756541176471	2.76681377367896	0.0529288833499501	0.567236131605184	0.277032268195414	7.23287584745763	0.0961774875373878	0.1003	E2	37.224450109671	0.99704462113659
6428	D2	0.688143968871595	56.5473698103113	12.2842020525292	0.0944188715953307	1.21196117217899	0.868857373540856	12.5202017850195	0.225532689688716	0.1028	E1	81.671725209144	2.76896251459144
6429	D6	0.275436728880157	30.5821169007859	3.09875756876228	0.0427953438113949	0.5331046021611	0.468394233791748	9.65074126719057	0.127949356581532	0.1018	E2	43.5023604371316	1.27693556483301
6430	D1	0.877300780632411	35.097856694664	8.57509259387352	0.0939722134387352	1.47691102272727	1.06130261857708	9.8897746541502	0.223176936758893	0.1012	E1	53.8798730928854	3.41551442193676
6432	D3	0.143940276981853	41.1756427268386	3.18769285577841	0.0693578127984718	0.721425711556829	0.313355768863419	13.1730475549188	0.154866122254059	0.1047	E1	57.7606070725883	1.1787217574021
6433	D9	0.200011709233792	31.2228191404715	2.67161143418468	0.0586888113948919	0.608101586444008	0.297760166994106	7.94738064341847	0.110466385068762	0.1018	E2	42.0109664145383	1.10587346267191
6434	D13	0.317748146718147	36.3201337789575	3.98793704150579	0.123860337837838	0.824410294401544	0.431738894787645	9.15445962355212	0.1344536003861	0.1036	E3	49.7208443822394	1.57389733590734
6435	D10	0.304067420318725	39.0375793675299	3.70589604083665	0.0915286752988048	0.875188361553785	0.421018182270916	8.52654578685259	0.170355986055777	0.1004	E2	51.5319058565737	1.60027396414343
6436	D11	0.262032792706334	19.0433094385797	2.11142825335893	0.0645112188099808	0.596372653550864	0.335330115163148	7.13659394433781	0.110317408829175	0.1042	E2	28.4661602639155	1.19373556142035
6437	D16	0.469008765915769	24.3951550636631	3.00710370225269	0.108377796278159	0.917567404505387	0.712967962781587	8.96721154260529	0.172653241919687	0.1021	E3	36.6505013467189	2.09954413320274
6438	D13	0.238034488038278	27.663343722488	1.82388689952153	0.0757255598086124	0.597324937799043	0.353057023923445	7.01999801435407	0.101683799043062	0.1045	E3	36.6846379952153	1.18841644976077
6439	D16	0.441766032660903	37.3308140393852	2.96412121517771	0.0717450528338136	1.00192413544669	0.561804534101825	10.1556461287224	0.0971064361191162	0.1041	E3	50.6194328722382	2.00549470220941
6441	D15	0.320942789820924	51.5554743025448	3.48804278039585	0.0515511027332705	0.98672856267672	0.627760673892554	11.4646867200754	0.192475513666352	0.1061	E3	66.7522304194156	1.9354320263902
6442	D10	0.278460716981132	22.3341595377359	2.36255884433962	0.076305320754717	0.60236675	0.343380400943396	6.2472859245283	0.153839028301887	0.106	E2	31.1741486556604	1.22420786792453
6443	D12	0.637329009708738	16.2576054223301	2.10178090291262	0.0801797912621359	0.857419111650485	0.840456893203884	6.53827366019418	0.0978888058252427	0.103	E2	25.0757285825243	2.33520501456311
6444	D16	0.288152045240339	27.1647540574929	2.75521144203582	0.087552657869934	0.68017205466541	0.51065732799246	8.9108069604147	0.146268548539114	0.1061	E3	39.0645936663525	1.47898142789821
6445	D5	0.519973965183752	26.0559406431335	3.14794824468085	0.0709276982591876	0.856175256286267	0.624163167311412	8.79035365087041	0.127317746615087	0.1034	E2	38.192487983559	2.00031238878143
6446	D6	0.462842105263158	19.872609702729	2.62779692495127	0.0765384502923977	0.65435287037037	0.622714556530214	8.13811652534113	0.142192076023392	0.1026	E2	30.8572536793372	1.73990953216374
6448	D6	0.396451834951456	27.6576932038835	2.9283832038835	0.0820849805825243	0.805490854368932	0.646005747572816	6.48578565533981	0.118444844660194	0.103	E2	37.2723918883495	1.8479484368932
6450	D7	0.412798447937132	19.0815609872299	2.21493187131631	0.0642778487229863	0.685547352652259	0.478724253438114	7.20202132121807	0.120934499017682	0.1018	E2	28.6837265275049	1.5770700540275
6453	D2	0.279813892100193	51.2783084152216	3.64122143063584	0.0850638439306358	0.963060322736031	0.475900679190751	11.1905537524085	0.126134238921002	0.1038	E1	66.3212816811175	1.71877489402697
6456	D12	0.399030196463654	21.1357509430255	2.66666035363458	0.0732912475442043	0.848672411591356	0.64034076129666	8.18346063850688	0.158463231827112	0.1018	E2	32.2176264145383	1.88804336935167
6457	D11	0.227049426627794	21.9895385082604	2.54937548590865	0.0612044509232264	0.585962852283771	0.489535257531584	9.04789896015549	0.0869104956268222	0.1029	E2	33.7349279008746	1.30254753644315
6458	D6	0.270933169291339	29.3251713681102	2.1119617519685	0.0718682775590551	0.58987624015748	0.485244109251968	11.5244390255906	0.127962598425197	0.1016	E2	43.1614030216536	1.34605351870079
6459	D9	0.0125754030710173	28.0865449808061	1.14565976487524	0.0589665163147793	0.25417	0.100638541266795	7.95955311900192	0.048562226487524	0.1042	E2	37.2992866074856	0.367383944337812
6460	D7	0.232177307317073	21.4717496097561	2.25135744878049	0.0684281463414634	0.505178658536585	0.40585856097561	6.19638538048781	0.0798804487804878	0.1025	E2	30.0678010341463	1.14321452682927
6461	D1	0.504537624254473	25.5197081958251	2.52045829025845	0.090632296222664	0.951233250497018	0.660909373757455	9.88659579522863	0.154434224652087	0.1006	E1	38.1718288021869	2.11668024850895
6462	D16	0.507001460784314	21.808494495098	2.43213664705882	0.0906168725490196	0.954022558823529	0.746239382352941	7.89280048529412	0.0782065392156863	0.102	E3	32.3022550392157	2.20726340196078
6463	D2	0.0460884845559846	69.1379290926641	4.56661498552124	0.110435511583012	0.505835805984556	0.225014478764479	16.2866021138996	0.147742693050193	0.1036	E1	90.2493243967182	0.776938769305019
6465	D9	0.377792030798845	33.2704125024062	3.83729048604427	0.0554149951876805	0.743603065447546	0.50272948026949	8.70220878248316	0.12095406159769	0.1039	E2	45.986280827719	1.62412457651588
6466	D1	0.203708180019782	40.7394603461919	3.11222387240356	0.0951669535113749	0.677796978239367	0.326021661721068	8.42477806132542	0.171260672601385	0.1011	E1	52.5428899060336	1.20752681998022
6467	D15	0.6197232546706	23.2394659488692	6.18114100786627	0.10413476892822	0.827927610619469	0.699894469026549	8.34431885447394	0.180275742379548	0.1017	E3	38.0493363225172	2.14754533431662
6468	D15	0.661000350378788	33.9298067566288	3.99993937026515	0.0804942234848485	1.07760973011364	0.756579976325758	9.02226709753788	0.156423058712121	0.1056	E3	47.1889305066288	2.49519005681818
6470	D7	0.0750285206532181	32.6277085638809	2.51518663304515	0.0691396253602305	0.420147564841499	0.201719855907781	7.74517090297791	0.0767572430355428	0.1041	E2	43.0339629682997	0.696895941402498
6471	D7	0.178689196940727	25.3464397801147	2.38525693594646	0.0814057361376673	0.424196089866157	0.288013919694073	8.84121202676864	0.162333317399618	0.1046	E2	36.8166477963671	0.890899206500956
6472	D8	0.401842256267409	22.302776810585	2.3947777994429	0.0698467688022284	0.696989298978644	0.541502149489322	8.84000525998143	0.117099888579387	0.1077	E2	33.7245065273909	1.64033370473538
6473	D15	0.619604045584046	22.0833649002849	2.72382558404558	0.087496106362773	0.998633532763533	0.792236799620133	8.29339874169041	0.151610512820513	0.1053	E3	33.3396958452042	2.41047437796771
6475	D16	0.368242271414822	34.4834777959576	3.44086304138595	0.0618406641000962	0.942107102983638	0.575410943214629	9.75190863330125	0.160885370548604	0.1039	E3	47.8989755052935	1.88576031761309
6476	D4	0.0482469798657718	36.0711322291467	2.18790755512943	0.111995330776606	0.366560862895494	0.186270997123682	9.80738722435283	0.12754263662512	0.1043	E1	48.3059649760307	0.601078839884947
6477	D1	0.185636388888889	57.0786197420635	4.89782736111111	0.0675078670634921	0.920007723214286	0.315564330357143	14.5328305853175	0.198546537698413	0.1008	E1	76.775332093254	1.42120844246032
6478	D11	0.221913055009823	22.0706199803536	1.59313979371316	0.0816308939096267	0.550179901768173	0.325168089390963	7.49738362475442	0.0740435756385069	0.1018	E2	31.3168178683693	1.09726104616896
6479	D4	0.556523807205453	37.5254895861733	3.52736241966894	0.0823693670886076	1.14794211781889	0.692293928919182	9.91853495131451	0.126576358325219	0.1027	E1	51.1803326825706	2.39675985394353
6481	D16	0.466510866533865	21.5333001543825	3.19034577689243	0.0659541533864542	0.969492873505976	0.687064407370518	7.8847875498008	0.15883328685259	0.1004	E3	32.8332209213147	2.12306814741036
6483	D2	0.447164384093114	37.5097355722599	4.0127579728419	0.100805489815713	0.849240310378274	0.602004830261882	13.2281649321048	0.267032468477207	0.1031	E1	55.1184964354995	1.89840952473327
6484	D14	0.243768030592734	30.6102542256214	2.72320528680688	0.0998068355640535	0.54847423040153	0.410692619502868	9.15394532026769	0.212702686424474	0.1046	E3	42.7999143546845	1.20293488049713
6485	D7	0.319095431119921	15.5328959464817	2.23489050049554	0.0621745292368682	0.61036614469772	0.422149886025768	5.76600056987116	0.100098146679881	0.1009	E2	23.6960596927651	1.35161146184341
6486	D13	0.458126539196941	30.6423991204589	3.80466223709369	0.0799209273422562	1.00811043977055	0.627062232313575	9.10329784416826	0.141242982791587	0.1046	E3	43.7715231118547	2.09329921128107
6487	D9	0.472935258126195	24.8663017447419	2.8567517208413	0.0687555066921606	0.843469321223709	0.589055592734226	8.19059130975143	0.0970279445506692	0.1046	E2	36.0794282265774	1.90546017208413
6489	D1	0.0911922899353647	53.2546150507849	3.86624981532779	0.0948468328716528	0.483379030470914	0.166335623268698	16.6470208402585	0.187620193905817	0.1083	E1	74.0503527331487	0.740906943674977
6490	D6	0.515012268339768	21.3973607335907	3.15447444980695	0.0734600675675676	0.847501187258687	0.652623503861004	8.62903216216216	0.12492806949807	0.1036	E2	33.3792554826255	2.01513695945946
